501	1040.0
502	804.0
503	919.2
504	517.3
505	601.2
506	909.0
507	1090.0
508	747.5
509	577.8
510	928.4
511	1102.0
512	623.8
513	747.9
514	680.6
515	615.3
516	576.3
517	483.5
518	844.2
519	796.3
520	547.2
521	812.2
522	845.1
523	385.3
524	502.1
525	507.9
526	691.0
527	804.0
528	509.6
529	928.0
530	529.7
531	779.4
532	954.7
533	521.1
534	596.7
535	740.2
536	729.5
537	606.0
538	1173.0
539	888.7
540	741.1
541	956.5
542	1112.0
543	374.9
544	846.7
545	882.5
546	278.2
547	792.6
548	739.8
549	749.6
550	793.7
551	606.5
552	808.4
553	625.4
554	476.9
555	1240.0
556	753.7
557	528.5
558	780.5
559	542.8
560	648.6
561	954.5
562	584.8
563	695.2
564	806.8
565	905.5
566	1157.0
567	823.1
568	735.8
569	550.4
570	818.2
571	605.6
572	838.2
573	809.7
574	611.0
575	792.7
576	892.2
577	852.5
578	1020.0
579	845.2
580	1354.0
581	836.2
582	715.9
583	1128.0
584	777.6
585	871.6
586	501.5
587	1004.0
588	685.9
589	839.3
590	1011.0
591	689.8
592	369.1
593	918.7
594	977.4
595	943.9
596	862.0
597	753.5
598	829.1
599	999.0
600	666.7
601	994.5
602	920.0
603	975.2
604	1362.0
605	611.1
606	980.4
607	949.9
608	653.9
609	310.6
610	749.5
611	772.3
612	391.6
613	904.7
614	566.7
615	694.6
616	627.4
617	526.4
618	865.9
619	491.7
620	895.0
621	614.2
622	1001.0
623	1023.0
624	832.3
625	976.6
626	1052.0
627	721.9
628	618.7
629	676.7
630	811.1
631	992.6
632	640.2
633	786.9
634	796.7
635	808.1
636	942.4
637	963.7
638	762.5
639	1.0E+3
640	840.9
641	894.3
642	688.2
643	665.6
644	640.0
645	777.9
646	702.4
647	764.4
648	589.4
649	736.3
650	796.6
651	679.9
652	798.7
653	890.7
654	1064.0
655	1176.0
656	1100.0
657	842.4
658	483.5
659	870.9
660	1019.0
661	362.0
662	916.5
663	467.2
664	527.0
665	989.7
666	351.1
667	384.8
668	689.0
669	872.9
670	850.7
671	1008.0
672	719.6
673	993.3
674	631.8
675	806.2
676	797.4
677	675.4
678	507.3
679	617.7
680	630.4
681	839.1
682	835.0
683	860.3
684	844.8
685	848.1
686	897.0
687	896.6
688	872.5
689	545.1
690	746.1
691	1028.0
692	896.7
693	735.8
694	516.8
695	934.3
696	828.2
697	967.2
698	792.8
699	921.4
700	1019.0
701	921.9
702	627.1
703	906.0
704	821.5
705	881.0
706	854.9
707	760.6
708	840.8
709	797.7
710	919.3
711	824.0
712	578.9
713	922.6
714	1273.0
715	903.5
716	484.5
717	1043.0
718	888.1
719	746.8
720	1052.0
721	802.7
722	1062.0
723	980.9
724	300.3
725	507.9
726	830.3
727	528.2
728	643.5
729	549.7
730	719.8
731	1115.0
732	662.0
733	858.3
734	638.5
735	873.6
736	1037.0
737	621.1
738	1031.0
739	621.2
740	560.7
741	585.0
742	737.1
743	777.9
744	751.8
745	472.2
746	317.6
747	1147.0
748	983.7
749	559.0
750	893.5
751	566.7
752	835.4
753	537.6
754	948.9
755	786.6
756	789.1
757	947.5
758	676.2
759	973.9
760	503.5
761	1085.0
762	648.1
763	939.9
764	675.5
765	852.7
766	548.4
767	659.4
768	869.4
769	671.6
770	1025.0
771	658.3
772	1031.0
773	636.8
774	679.3
775	597.9
776	585.0
777	801.0
778	736.2
779	600.5
780	1052.0
781	653.0
782	810.8
783	747.5
784	990.7
785	966.7
786	841.3
787	693.8
788	634.2
789	815.3
790	696.0
791	831.6
792	729.9
793	1010.0
794	915.1
795	981.7
796	680.5
797	577.0
798	926.2
799	839.2
800	600.6
801	809.6
802	896.2
803	547.8
804	935.8
805	1263.0
806	886.8
807	781.7
808	887.8
809	850.9
810	754.6
811	657.4
812	884.5
813	1001.0
814	642.8
815	728.6
816	675.7
817	946.2
818	644.9
819	918.5
820	1136.0
821	1068.0
822	984.3
823	791.1
824	999.6
825	900.9
826	702.6
827	813.2
828	768.5
829	838.3
830	701.5
831	793.3
832	984.3
833	862.0
834	936.6
835	1047.0
836	658.0
837	778.0
838	817.4
839	929.9
840	511.4
841	958.3
842	785.8
843	618.7
844	772.0
845	811.3
846	782.2
847	690.1
848	752.7
849	567.6
850	1138.0
851	1070.0
852	801.4
853	589.7
854	835.7
855	939.1
856	257.2
857	651.3
858	669.1
859	506.6
860	1137.0
861	1195.0
862	704.6
863	748.1
864	873.1
865	974.0
866	860.9
867	813.1
868	1168.0
869	871.6
870	570.1
871	707.0
872	726.9
873	1080.0
874	826.8
875	802.5
876	633.6
877	990.7
878	945.2
879	699.5
880	600.8
881	612.4
882	695.9
883	654.7
884	739.0
885	648.2
886	981.1
887	797.4
888	797.5
889	903.3
890	1130.0
891	632.6
892	714.3
893	701.1
894	707.4
895	916.0
896	654.4
897	484.6
898	516.2
899	547.8
900	704.2
901	678.4
902	741.7
903	1158.0
904	902.1
905	861.2
906	750.7
907	1169.0
908	835.3
909	733.8
910	540.4
911	777.0
912	839.6
913	458.0
914	1159.0
915	491.7
916	814.5
917	908.1
918	689.5
919	885.6
920	860.1
921	792.8
922	680.6
923	735.4
924	686.3
925	549.0
926	738.5
927	856.8
928	1103.0
929	602.7
930	743.5
931	686.5
932	896.5
933	910.6
934	1150.0
935	673.9
936	1037.0
937	981.8
938	1037.0
939	740.4
940	997.8
941	1014.0
942	518.3
943	860.8
944	574.7
945	698.0
946	881.5
947	621.9
948	833.7
949	1198.0
950	576.2
951	534.9
952	620.5
953	1025.0
954	846.7
955	949.4
956	852.0
957	455.4
958	915.1
959	501.4
960	952.6
961	861.2
962	754.3
963	769.3
964	799.6
965	822.2
966	793.4
967	538.2
968	868.6
969	769.5
970	1045.0
971	725.9
972	896.4
973	855.8
974	730.7
975	621.2
976	887.9
977	603.1
978	508.7
979	611.5
980	848.9
981	1104.0
982	994.2
983	708.1
984	1005.0
985	1172.0
986	687.8
987	958.8
988	618.3
989	761.1
990	989.1
991	846.4
992	614.9
993	672.4
994	550.3
995	931.7
996	846.0
997	704.5
998	848.0
999	898.6
1000	751.6
501	481.6
502	1052.0
503	497.1
504	1222.0
505	965.0
506	812.9
507	1068.0
508	747.9
509	453.5
510	438.8
511	752.6
512	303.0
513	508.8
514	182.3
515	485.9
516	557.8
517	866.0
518	443.9
519	398.1
520	511.9
521	321.1
522	342.4
523	909.2
524	658.3
525	702.0
526	793.8
527	721.5
528	773.0
529	579.5
530	430.9
531	1127.0
532	942.4
533	762.7
534	1046.0
535	1075.0
536	645.5
537	848.8
538	937.2
539	749.8
540	336.9
541	536.5
542	550.7
543	970.6
544	696.9
545	909.6
546	1120.0
547	821.9
548	600.5
549	775.1
550	1141.0
551	943.8
552	939.3
553	457.5
554	364.7
555	552.5
556	706.2
557	1006.0
558	426.0
559	990.8
560	507.6
561	955.9
562	754.4
563	739.0
564	410.3
565	674.3
566	1232.0
567	278.0
568	1033.0
569	719.3
570	555.0
571	786.5
572	518.2
573	861.5
574	391.4
575	796.3
576	800.6
577	1247.0
578	1021.0
579	261.4
580	873.5
581	589.0
582	870.9
583	995.2
584	891.3
585	1062.0
586	852.0
587	861.9
588	734.6
589	187.8
590	559.4
591	259.4
592	646.2
593	490.9
594	837.2
595	986.4
596	977.4
597	1200.0
598	220.7
599	707.8
600	860.7
601	866.2
602	852.3
603	945.3
604	892.2
605	763.0
606	1351.0
607	755.2
608	687.0
609	616.7
610	730.3
611	870.6
612	616.2
613	756.2
614	778.3
615	679.3
616	696.5
617	550.3
618	1148.0
619	868.8
620	942.2
621	596.2
622	770.5
623	980.2
624	986.5
625	703.2
626	337.6
627	687.8
628	863.3
629	807.7
630	508.6
631	664.7
632	788.6
633	1215.0
634	745.0
635	731.2
636	1011.0
637	1003.0
638	1031.0
639	725.8
640	966.1
641	475.6
642	967.5
643	1076.0
644	568.5
645	879.4
646	802.3
647	695.7
648	593.6
649	752.8
650	608.4
651	956.6
652	701.3
653	472.8
654	617.7
655	705.7
656	405.8
657	644.6
658	951.1
659	1101.0
660	1276.0
661	619.2
662	698.2
663	739.2
664	610.4
665	832.4
666	940.9
667	839.5
668	497.1
669	1073.0
670	718.2
671	595.2
672	508.1
673	216.5
674	685.6
675	466.2
676	311.9
677	447.9
678	942.7
679	977.2
680	872.1
681	1116.0
682	481.2
683	922.5
684	886.3
685	937.7
686	92.67
687	796.1
688	713.0
689	779.1
690	646.8
691	634.7
692	451.8
693	550.2
694	760.2
695	788.9
696	562.9
697	815.3
698	240.5
699	784.9
700	647.8
701	996.9
702	647.5
703	682.0
704	328.5
705	990.4
706	729.3
707	961.0
708	743.5
709	536.5
710	663.4
711	918.0
712	752.7
713	788.9
714	1148.0
715	756.2
716	523.0
717	120.6
718	523.0
719	478.4
720	603.8
721	1244.0
722	1031.0
723	792.1
724	601.9
725	914.3
726	524.9
727	551.3
728	576.0
729	1192.0
730	382.1
731	807.9
732	863.4
733	904.0
734	1008.0
735	1076.0
736	992.8
737	1156.0
738	1023.0
739	975.7
740	324.4
741	722.1
742	985.0
743	1084.0
744	764.7
745	655.0
746	750.1
747	915.9
748	806.0
749	949.4
750	804.3
751	556.0
752	627.8
753	431.1
754	795.4
755	766.3
756	919.1
757	772.8
758	772.1
759	1146.0
760	433.7
761	724.5
762	836.6
763	1039.0
764	876.0
765	905.9
766	469.6
767	325.6
768	892.3
769	962.2
770	1093.0
771	922.3
772	788.4
773	763.3
774	1182.0
775	1042.0
776	831.9
777	960.6
778	586.6
779	585.2
780	675.4
781	420.8
782	377.5
783	898.8
784	932.9
785	413.3
786	802.3
787	644.4
788	715.9
789	596.4
790	842.8
791	524.3
792	597.4
793	1141.0
794	160.4
795	681.4
796	661.1
797	830.6
798	610.6
799	657.5
800	736.9
801	721.7
802	512.7
803	1052.0
804	581.0
805	935.8
806	989.0
807	961.7
808	898.8
809	904.6
810	749.7
811	1281.0
812	348.8
813	655.5
814	729.6
815	1118.0
816	891.0
817	1166.0
818	943.0
819	561.2
820	691.9
821	881.3
822	751.8
823	813.8
824	914.3
825	548.9
826	727.3
827	713.2
828	513.7
829	481.0
830	708.9
831	785.6
832	556.2
833	679.1
834	222.2
835	839.0
836	1001.0
837	917.0
838	1129.0
839	888.8
840	615.8
841	547.3
842	981.3
843	207.4
844	912.7
845	817.4
846	1521.0
847	771.8
848	909.2
849	671.0
850	791.0
851	868.1
852	836.6
853	551.0
854	455.0
855	785.2
856	879.1
857	812.2
858	879.0
859	930.7
860	615.6
861	673.9
862	846.6
863	741.5
864	959.0
865	608.5
866	658.3
867	523.4
868	706.4
869	639.1
870	556.2
871	606.1
872	859.2
873	1181.0
874	551.1
875	848.9
876	554.6
877	522.4
878	400.0
879	652.2
880	1089.0
881	668.2
882	762.2
883	682.8
884	579.5
885	505.8
886	383.8
887	279.1
888	637.2
889	414.8
890	319.1
891	789.3
892	1318.0
893	845.4
894	634.9
895	603.7
896	1219.0
897	538.1
898	545.4
899	645.9
900	766.2
901	1220.0
902	593.5
903	350.3
904	505.4
905	915.9
906	1190.0
907	750.2
908	849.1
909	603.9
910	763.0
911	209.6
912	530.5
913	533.6
914	573.0
915	605.9
916	979.4
917	924.6
918	902.8
919	497.8
920	773.6
921	889.4
922	987.7
923	590.4
924	866.6
925	760.4
926	858.6
927	460.1
928	877.4
929	783.4
930	1045.0
931	1026.0
932	413.2
933	378.1
934	1123.0
935	658.4
936	500.5
937	628.9
938	727.7
939	582.9
940	872.7
941	557.6
942	742.3
943	890.2
944	688.2
945	625.6
946	828.2
947	1155.0
948	528.4
949	772.1
950	523.5
951	793.2
952	908.8
953	475.9
954	595.6
955	730.3
956	600.3
957	819.0
958	630.9
959	826.7
960	848.1
961	331.2
962	1113.0
963	531.5
964	1035.0
965	491.3
966	1040.0
967	405.3
968	935.6
969	876.7
970	836.9
971	505.5
972	1258.0
973	535.4
974	679.2
975	1001.0
976	1159.0
977	970.7
978	1148.0
979	672.0
980	719.6
981	689.0
982	874.1
983	872.8
984	670.0
985	587.8
986	496.6
987	1249.0
988	902.7
989	1037.0
990	653.7
991	833.1
992	996.9
993	815.2
994	1070.0
995	830.2
996	723.6
997	1021.0
998	474.3
999	775.5
1000	572.3
501	1105.0
502	407.3
503	435.8
504	379.4
505	602.6
506	720.7
507	321.0
508	492.5
509	927.8
510	332.4
511	518.2
512	804.0
513	431.9
514	414.9
515	385.3
516	350.8
517	716.8
518	1036.0
519	-42.81
520	727.6
521	732.3
522	1027.0
523	818.9
524	373.5
525	708.6
526	945.9
527	624.0
528	725.5
529	396.9
530	337.0
531	699.3
532	644.5
533	349.1
534	382.7
535	509.4
536	785.5
537	537.2
538	907.6
539	815.7
540	578.3
541	1139.0
542	754.4
543	1331.0
544	629.8
545	600.9
546	825.8
547	689.3
548	512.5
549	1071.0
550	403.1
551	586.2
552	664.4
553	605.1
554	356.2
555	488.2
556	699.8
557	1173.0
558	302.8
559	848.4
560	736.3
561	446.6
562	623.4
563	392.6
564	252.3
565	350.3
566	1487.0
567	623.0
568	457.8
569	881.8
570	471.2
571	765.1
572	662.2
573	1009.0
574	682.5
575	468.4
576	860.4
577	597.1
578	436.2
579	264.2
580	566.0
581	858.9
582	644.1
583	410.3
584	1123.0
585	712.6
586	1016.0
587	225.6
588	714.1
589	1025.0
590	854.9
591	279.6
592	774.7
593	955.1
594	800.1
595	594.4
596	434.5
597	520.9
598	525.5
599	838.2
600	897.0
601	732.4
602	898.8
603	819.7
604	542.6
605	857.1
606	453.0
607	981.1
608	824.7
609	689.9
610	1062.0
611	929.0
612	832.4
613	646.5
614	493.6
615	663.7
616	760.0
617	801.3
618	-64.42
619	1175.0
620	837.7
621	364.6
622	347.2
623	788.6
624	468.9
625	794.0
626	555.4
627	713.1
628	728.5
629	642.2
630	272.0
631	575.9
632	333.2
633	513.8
634	581.5
635	901.8
636	1059.0
637	821.8
638	747.7
639	434.3
640	399.4
641	553.7
642	468.0
643	73.54
644	689.9
645	477.5
646	1107.0
647	860.1
648	1102.0
649	671.3
650	-53.98
651	513.7
652	560.8
653	719.7
654	490.8
655	795.3
656	559.6
657	672.8
658	565.2
659	738.1
660	698.5
661	678.2
662	719.5
663	706.1
664	420.9
665	1157.0
666	629.3
667	469.2
668	772.9
669	387.0
670	771.1
671	786.6
672	678.0
673	858.0
674	458.9
675	722.2
676	992.2
677	427.7
678	794.9
679	875.7
680	783.0
681	918.5
682	557.0
683	510.8
684	830.0
685	678.5
686	730.1
687	773.7
688	981.3
689	391.5
690	572.3
691	324.6
692	445.7
693	575.8
694	247.4
695	772.5
696	564.2
697	834.2
698	615.6
699	605.0
700	869.0
701	493.4
702	747.5
703	786.2
704	967.8
705	1241.0
706	595.7
707	916.2
708	515.5
709	278.1
710	677.0
711	932.7
712	669.6
713	520.0
714	779.6
715	424.5
716	908.9
717	677.0
718	651.6
719	694.6
720	208.1
721	651.5
722	560.6
723	567.2
724	773.9
725	537.4
726	529.4
727	856.1
728	1016.0
729	706.3
730	497.3
731	777.5
732	754.5
733	1134.0
734	618.7
735	557.6
736	660.5
737	391.9
738	889.4
739	636.3
740	534.1
741	658.5
742	817.2
743	862.1
744	757.4
745	949.3
746	915.1
747	721.6
748	472.4
749	1014.0
750	783.9
751	630.4
752	842.0
753	765.8
754	389.8
755	-35.52
756	1186.0
757	725.9
758	790.4
759	538.6
760	453.7
761	196.8
762	896.8
763	919.1
764	760.7
765	774.9
766	554.2
767	519.4
768	764.5
769	705.1
770	1078.0
771	881.0
772	656.1
773	631.4
774	707.5
775	240.6
776	1095.0
777	699.8
778	740.3
779	466.1
780	1160.0
781	641.5
782	898.9
783	720.0
784	707.3
785	426.7
786	769.6
787	764.7
788	445.9
789	1055.0
790	996.2
791	1240.0
792	250.4
793	772.9
794	856.7
795	562.1
796	747.0
797	849.4
798	418.6
799	287.5
800	100.8
801	896.5
802	1301.0
803	613.5
804	1060.0
805	831.5
806	716.3
807	671.5
808	669.2
809	688.9
810	984.0
811	691.9
812	886.2
813	641.3
814	676.8
815	798.5
816	529.2
817	626.9
818	930.7
819	455.2
820	476.6
821	971.6
822	371.5
823	1067.0
824	1067.0
825	440.8
826	993.5
827	856.1
828	655.8
829	470.3
830	825.7
831	1127.0
832	791.4
833	1026.0
834	509.3
835	924.9
836	185.8
837	461.8
838	593.8
839	1.0E+3
840	942.2
841	507.2
842	478.3
843	596.3
844	705.3
845	599.3
846	523.1
847	415.4
848	590.6
849	811.3
850	640.4
851	653.8
852	1092.0
853	558.2
854	401.5
855	569.4
856	482.9
857	806.5
858	837.1
859	836.3
860	471.2
861	716.0
862	1111.0
863	525.5
864	568.2
865	639.6
866	720.9
867	650.6
868	642.1
869	473.0
870	294.0
871	960.4
872	818.2
873	697.0
874	474.1
875	606.8
876	270.7
877	923.2
878	773.0
879	592.9
880	616.5
881	420.7
882	706.9
883	646.7
884	607.8
885	693.9
886	201.0
887	663.8
888	513.3
889	672.6
890	648.2
891	938.4
892	587.6
893	875.4
894	834.1
895	729.2
896	672.6
897	241.5
898	820.1
899	1162.0
900	517.7
901	663.4
902	993.5
903	513.9
904	989.3
905	107.5
906	839.1
907	792.4
908	409.3
909	505.9
910	367.6
911	912.7
912	746.0
913	729.4
914	862.1
915	952.7
916	974.5
917	650.9
918	415.7
919	759.8
920	788.2
921	1124.0
922	365.2
923	585.9
924	717.4
925	1027.0
926	526.6
927	1049.0
928	632.7
929	868.2
930	426.5
931	397.5
932	536.0
933	493.0
934	437.4
935	428.5
936	465.1
937	774.4
938	1033.0
939	491.1
940	962.4
941	682.8
942	1066.0
943	1041.0
944	679.5
945	799.2
946	886.3
947	994.6
948	436.5
949	599.2
950	1216.0
951	709.4
952	779.0
953	624.0
954	446.5
955	705.6
956	730.5
957	629.4
958	531.2
959	594.5
960	645.2
961	686.4
962	571.8
963	630.0
964	978.6
965	1124.0
966	554.1
967	784.0
968	961.5
969	649.0
970	957.6
971	958.9
972	806.6
973	499.0
974	1091.0
975	538.6
976	546.4
977	695.9
978	692.0
979	435.7
980	769.2
981	563.3
982	423.8
983	621.0
984	1028.0
985	730.9
986	806.5
987	576.0
988	567.7
989	1004.0
990	414.3
991	1098.0
992	566.1
993	902.9
994	572.0
995	622.3
996	720.5
997	221.7
998	609.8
999	943.2
1000	482.1
501	621.7
502	780.5
503	463.3
504	432.4
505	490.2
506	592.3
507	492.1
508	680.9
509	924.1
510	492.1
511	404.6
512	594.1
513	479.6
514	487.0
515	622.9
516	502.7
517	383.1
518	911.3
519	724.8
520	265.0
521	1167.0
522	477.5
523	221.2
524	511.0
525	536.8
526	487.1
527	763.4
528	750.2
529	269.6
530	613.7
531	558.9
532	540.1
533	273.7
534	500.6
535	455.2
536	835.4
537	136.7
538	730.6
539	884.1
540	255.3
541	1039.0
542	326.3
543	697.7
544	1015.0
545	203.7
546	390.8
547	615.0
548	701.2
549	686.8
550	562.2
551	610.9
552	785.4
553	432.6
554	250.4
555	677.4
556	91.01
557	647.0
558	725.5
559	946.8
560	590.8
561	745.6
562	733.3
563	1170.0
564	298.9
565	729.9
566	425.2
567	440.8
568	853.5
569	308.4
570	912.4
571	730.9
572	587.1
573	741.2
574	579.9
575	745.8
576	945.4
577	599.3
578	623.4
579	790.9
580	476.7
581	470.1
582	540.7
583	304.6
584	446.5
585	913.9
586	949.6
587	897.8
588	857.8
589	788.5
590	666.8
591	802.2
592	558.1
593	696.1
594	931.5
595	569.8
596	783.9
597	545.7
598	846.7
599	341.7
600	953.8
601	372.3
602	921.9
603	539.2
604	456.9
605	991.6
606	223.9
607	805.6
608	1061.0
609	771.3
610	968.0
611	1032.0
612	860.2
613	457.8
614	815.5
615	850.4
616	393.9
617	694.4
618	539.0
619	458.9
620	1152.0
621	868.3
622	478.2
623	1261.0
624	734.7
625	721.3
626	1119.0
627	481.9
628	714.8
629	715.8
630	726.3
631	554.1
632	340.5
633	677.5
634	503.1
635	843.8
636	661.2
637	392.9
638	323.0
639	716.5
640	910.9
641	617.4
642	725.0
643	1110.0
644	630.0
645	956.0
646	885.1
647	87.17
648	642.8
649	701.4
650	605.8
651	855.2
652	701.6
653	261.2
654	822.5
655	580.3
656	520.5
657	338.1
658	533.9
659	595.7
660	751.2
661	804.7
662	614.3
663	920.4
664	297.4
665	513.4
666	542.0
667	429.5
668	569.4
669	963.1
670	613.0
671	647.5
672	686.0
673	925.0
674	547.4
675	203.3
676	516.1
677	353.0
678	110.2
679	564.8
680	266.8
681	465.1
682	535.8
683	115.4
684	628.1
685	508.7
686	701.3
687	556.6
688	402.7
689	363.3
690	301.0
691	691.4
692	841.6
693	751.8
694	372.0
695	177.8
696	534.8
697	490.7
698	887.2
699	747.9
700	683.3
701	682.3
702	441.2
703	439.7
704	674.4
705	896.1
706	804.6
707	697.8
708	899.2
709	843.7
710	395.3
711	425.4
712	680.9
713	547.2
714	459.4
715	280.1
716	681.7
717	177.0
718	1058.0
719	890.0
720	599.3
721	616.4
722	448.1
723	200.9
724	871.3
725	364.3
726	420.1
727	834.8
728	530.2
729	583.9
730	623.1
731	658.4
732	832.5
733	312.2
734	1101.0
735	552.8
736	756.3
737	651.3
738	1041.0
739	322.0
740	565.3
741	540.5
742	510.7
743	889.5
744	587.0
745	765.7
746	622.4
747	286.7
748	638.6
749	380.1
750	1043.0
751	499.9
752	319.3
753	1067.0
754	510.1
755	351.1
756	683.0
757	180.8
758	786.6
759	645.1
760	490.4
761	665.4
762	938.1
763	92.42
764	964.9
765	652.6
766	792.4
767	401.5
768	570.1
769	195.5
770	670.4
771	659.3
772	790.3
773	555.8
774	696.4
775	884.7
776	665.5
777	739.8
778	388.5
779	433.5
780	501.3
781	620.6
782	735.8
783	429.5
784	384.5
785	848.6
786	736.6
787	815.1
788	431.2
789	348.1
790	424.0
791	580.7
792	807.7
793	838.0
794	410.9
795	564.8
796	569.1
797	641.4
798	887.7
799	896.9
800	765.9
801	592.1
802	1006.0
803	333.4
804	639.6
805	692.6
806	504.1
807	403.2
808	411.2
809	929.6
810	704.6
811	1032.0
812	522.3
813	1205.0
814	518.4
815	718.8
816	801.2
817	519.9
818	786.4
819	868.1
820	191.2
821	742.6
822	683.3
823	506.5
824	179.5
825	692.6
826	650.2
827	1019.0
828	548.3
829	804.9
830	167.7
831	848.3
832	274.2
833	357.6
834	507.7
835	570.2
836	172.8
837	758.3
838	735.4
839	553.5
840	984.2
841	396.1
842	733.2
843	776.6
844	468.3
845	796.7
846	355.4
847	590.0
848	652.5
849	556.7
850	773.2
851	702.6
852	357.3
853	562.2
854	721.9
855	939.7
856	731.8
857	292.2
858	577.8
859	540.8
860	409.6
861	1153.0
862	762.8
863	313.7
864	324.7
865	808.5
866	423.9
867	155.5
868	1010.0
869	640.5
870	868.6
871	261.5
872	725.8
873	459.2
874	286.3
875	876.1
876	463.9
877	484.4
878	430.9
879	556.5
880	512.3
881	711.9
882	410.2
883	535.2
884	682.9
885	742.0
886	275.9
887	530.6
888	804.3
889	380.2
890	707.5
891	815.8
892	422.7
893	527.3
894	322.6
895	548.9
896	426.4
897	858.9
898	290.2
899	659.6
900	548.7
901	642.7
902	-205.4
903	778.5
904	667.2
905	666.4
906	554.5
907	1218.0
908	756.2
909	666.5
910	394.8
911	527.4
912	620.1
913	803.2
914	836.3
915	752.2
916	1037.0
917	92.65
918	136.5
919	234.4
920	1200.0
921	589.7
922	882.9
923	1067.0
924	492.3
925	728.8
926	569.8
927	908.7
928	751.6
929	529.2
930	611.3
931	458.9
932	710.9
933	300.9
934	153.3
935	539.7
936	1010.0
937	285.9
938	489.3
939	1143.0
940	472.4
941	428.1
942	740.2
943	678.8
944	605.1
945	824.1
946	861.1
947	728.9
948	1027.0
949	167.3
950	1149.0
951	1038.0
952	900.2
953	526.6
954	876.3
955	856.1
956	149.3
957	706.8
958	673.4
959	504.6
960	942.8
961	766.0
962	1122.0
963	821.7
964	672.2
965	397.3
966	471.2
967	538.2
968	565.8
969	528.1
970	499.5
971	613.2
972	657.4
973	538.0
974	645.5
975	617.6
976	307.1
977	819.1
978	400.9
979	772.1
980	887.2
981	407.8
982	688.5
983	282.7
984	305.7
985	482.0
986	915.5
987	484.4
988	636.3
989	342.4
990	567.2
991	760.6
992	504.9
993	876.0
994	538.6
995	1031.0
996	673.0
997	494.2
998	408.1
999	480.3
1000	546.0
501	756.7
502	571.1
503	675.2
504	744.2
505	652.6
506	734.7
507	470.4
508	563.8
509	724.7
510	382.4
511	525.9
512	247.8
513	324.2
514	490.1
515	627.8
516	186.0
517	294.3
518	694.6
519	369.1
520	416.0
521	835.9
522	512.9
523	446.6
524	469.9
525	590.6
526	127.0
527	154.3
528	162.1
529	783.6
530	561.3
531	373.7
532	916.4
533	276.4
534	390.7
535	869.5
536	688.1
537	537.0
538	540.1
539	721.7
540	100.4
541	147.1
542	247.1
543	106.9
544	351.1
545	388.0
546	530.9
547	510.7
548	530.8
549	320.6
550	412.5
551	149.0
552	43.42
553	673.4
554	486.2
555	271.1
556	560.7
557	35.12
558	246.4
559	709.2
560	459.2
561	493.0
562	203.0
563	632.6
564	430.2
565	791.2
566	74.35
567	470.4
568	207.6
569	426.3
570	821.5
571	625.7
572	664.5
573	433.4
574	378.6
575	244.4
576	173.1
577	757.4
578	1046.0
579	528.1
580	627.9
581	331.1
582	585.2
583	643.8
584	270.7
585	443.2
586	535.3
587	473.0
588	-26.64
589	602.8
590	290.9
591	438.7
592	556.3
593	498.0
594	589.5
595	655.8
596	341.6
597	675.9
598	754.3
599	455.9
600	122.2
601	671.3
602	537.9
603	329.7
604	281.7
605	673.9
606	359.4
607	651.3
608	56.34
609	974.7
610	836.2
611	452.2
612	-290.2
613	75.17
614	469.2
615	520.8
616	509.0
617	613.4
618	202.0
619	1076.0
620	802.2
621	973.6
622	691.5
623	560.5
624	167.8
625	700.3
626	369.6
627	519.1
628	612.9
629	10.35
630	476.7
631	255.8
632	758.8
633	733.0
634	629.2
635	480.1
636	650.8
637	721.7
638	683.8
639	254.0
640	628.5
641	839.1
642	163.0
643	487.0
644	-48.73
645	821.2
646	546.4
647	579.0
648	600.5
649	731.5
650	633.2
651	304.4
652	477.4
653	461.8
654	175.9
655	320.6
656	399.8
657	852.1
658	495.8
659	832.9
660	579.8
661	418.3
662	629.0
663	447.9
664	423.8
665	212.6
666	604.3
667	558.6
668	98.02
669	209.7
670	606.6
671	716.7
672	394.3
673	786.9
674	356.9
675	238.8
676	689.1
677	344.6
678	506.6
679	84.83
680	464.4
681	804.9
682	707.1
683	497.2
684	908.6
685	478.5
686	402.3
687	224.2
688	781.0
689	196.3
690	837.2
691	479.9
692	380.9
693	268.3
694	675.5
695	751.5
696	381.9
697	1173.0
698	249.8
699	475.7
700	903.0
701	119.9
702	315.7
703	922.0
704	224.8
705	211.5
706	825.2
707	641.9
708	581.2
709	682.8
710	525.2
711	358.0
712	604.7
713	1104.0
714	555.0
715	599.3
716	92.35
717	500.0
718	444.1
719	170.1
720	819.7
721	389.7
722	721.4
723	389.0
724	721.1
725	704.6
726	399.3
727	462.1
728	631.4
729	725.9
730	681.3
731	491.9
732	582.0
733	756.1
734	839.2
735	471.1
736	733.2
737	179.7
738	327.8
739	410.4
740	567.2
741	515.9
742	375.4
743	456.1
744	441.6
745	291.5
746	223.4
747	649.7
748	534.1
749	604.3
750	313.6
751	186.8
752	704.3
753	398.7
754	456.8
755	303.8
756	469.8
757	113.1
758	412.7
759	622.7
760	724.6
761	695.2
762	436.1
763	567.6
764	133.3
765	445.5
766	118.3
767	820.8
768	611.6
769	622.5
770	578.7
771	425.0
772	310.7
773	702.4
774	270.3
775	373.9
776	348.2
777	253.7
778	554.1
779	608.6
780	419.3
781	466.2
782	425.5
783	925.3
784	442.7
785	481.6
786	185.1
787	-419.9
788	543.3
789	629.4
790	956.7
791	476.6
792	580.5
793	647.0
794	356.4
795	138.8
796	574.3
797	355.6
798	526.1
799	292.1
800	603.0
801	659.1
802	844.9
803	172.6
804	778.2
805	314.1
806	546.3
807	571.4
808	610.7
809	9.364
810	1102.0
811	798.1
812	75.13
813	497.1
814	412.8
815	607.9
816	989.9
817	635.1
818	378.7
819	460.5
820	920.8
821	866.9
822	651.6
823	460.3
824	554.4
825	448.0
826	242.1
827	577.7
828	427.2
829	460.8
830	330.5
831	630.3
832	255.1
833	758.3
834	503.6
835	129.2
836	645.2
837	418.2
838	394.7
839	540.3
840	743.3
841	337.2
842	866.5
843	998.3
844	504.2
845	480.5
846	329.4
847	348.9
848	513.4
849	-6.199
850	579.9
851	322.6
852	452.2
853	627.7
854	735.4
855	586.7
856	643.1
857	597.6
858	294.3
859	540.8
860	651.0
861	902.5
862	307.2
863	329.2
864	666.8
865	309.9
866	204.0
867	351.6
868	708.0
869	645.7
870	890.6
871	394.5
872	533.7
873	931.0
874	402.8
875	-19.6
876	525.1
877	698.8
878	699.6
879	705.3
880	566.6
881	342.3
882	713.7
883	416.3
884	530.6
885	938.2
886	584.6
887	445.3
888	303.7
889	339.9
890	908.0
891	846.1
892	752.9
893	632.8
894	277.0
895	473.8
896	646.1
897	84.04
898	818.8
899	411.8
900	446.6
901	724.1
902	138.6
903	262.7
904	599.3
905	457.2
906	442.5
907	519.3
908	173.8
909	523.5
910	807.3
911	531.5
912	928.3
913	340.0
914	259.2
915	549.2
916	520.7
917	370.6
918	419.6
919	438.2
920	404.4
921	499.6
922	855.1
923	739.7
924	364.6
925	570.9
926	668.0
927	317.1
928	101.5
929	344.3
930	569.8
931	612.8
932	604.4
933	179.9
934	538.4
935	193.7
936	150.9
937	794.9
938	781.6
939	336.9
940	475.4
941	452.4
942	588.8
943	263.3
944	414.0
945	666.1
946	485.4
947	655.0
948	376.9
949	176.1
950	749.1
951	674.5
952	520.4
953	924.2
954	107.3
955	352.5
956	250.9
957	1021.0
958	285.3
959	264.1
960	159.8
961	416.3
962	600.6
963	6.993
964	372.0
965	107.3
966	276.4
967	515.7
968	199.2
969	355.8
970	370.6
971	431.5
972	819.8
973	266.2
974	279.3
975	649.4
976	357.6
977	329.1
978	831.7
979	425.6
980	550.8
981	642.9
982	434.0
983	638.0
984	733.7
985	203.4
986	974.4
987	764.5
988	512.5
989	396.2
990	865.9
991	326.0
992	116.7
993	823.6
994	537.7
995	336.7
996	386.6
997	691.9
998	579.6
999	313.0
1000	713.0
501	128.3
502	513.0
503	587.9
504	432.1
505	496.2
506	535.3
507	388.9
508	554.9
509	729.9
510	378.2
511	591.8
512	399.6
513	435.2
514	53.48
515	271.8
516	302.0
517	580.4
518	479.9
519	286.9
520	1022.0
521	667.5
522	316.3
523	251.2
524	454.4
525	229.2
526	309.4
527	49.21
528	445.0
529	401.6
530	487.1
531	239.8
532	711.8
533	188.0
534	185.5
535	537.4
536	8.088
537	258.3
538	404.0
539	453.0
540	405.4
541	433.1
542	272.5
543	545.0
544	400.4
545	91.04
546	414.1
547	439.1
548	664.3
549	424.1
550	663.2
551	363.3
552	49.47
553	331.1
554	473.1
555	547.1
556	362.6
557	227.5
558	653.6
559	123.1
560	378.6
561	379.2
562	258.4
563	517.2
564	324.9
565	413.8
566	165.5
567	411.6
568	241.4
569	524.0
570	824.2
571	362.4
572	565.9
573	356.5
574	764.9
575	217.0
576	364.9
577	613.1
578	503.9
579	526.1
580	252.2
581	265.2
582	90.71
583	964.6
584	134.8
585	554.8
586	58.05
587	339.9
588	683.7
589	839.3
590	500.8
591	377.8
592	634.8
593	231.9
594	465.7
595	179.1
596	359.8
597	518.1
598	591.3
599	524.8
600	401.5
601	430.2
602	433.7
603	611.9
604	460.7
605	333.9
606	312.0
607	517.9
608	720.0
609	369.7
610	217.7
611	305.5
612	565.4
613	796.3
614	476.2
615	333.0
616	411.7
617	508.3
618	629.9
619	591.1
620	887.3
621	271.0
622	356.9
623	362.0
624	569.3
625	351.3
626	182.8
627	403.7
628	266.5
629	701.7
630	735.7
631	447.1
632	347.0
633	964.4
634	386.8
635	440.1
636	643.7
637	615.3
638	598.0
639	751.9
640	494.2
641	188.5
642	-45.97
643	738.2
644	341.8
645	623.3
646	412.7
647	400.0
648	303.0
649	633.6
650	496.0
651	653.1
652	710.3
653	554.9
654	240.9
655	130.6
656	415.5
657	481.7
658	441.7
659	394.8
660	386.4
661	355.9
662	355.8
663	20.55
664	140.1
665	493.0
666	363.0
667	189.5
668	459.8
669	204.4
670	306.5
671	409.3
672	555.4
673	182.8
674	232.5
675	577.2
676	115.1
677	151.6
678	435.2
679	406.0
680	443.1
681	480.6
682	427.3
683	497.7
684	459.4
685	386.5
686	496.5
687	443.7
688	493.9
689	402.5
690	-22.61
691	384.0
692	816.7
693	510.5
694	659.7
695	567.3
696	536.9
697	145.3
698	581.7
699	488.6
700	816.5
701	372.5
702	231.1
703	373.9
704	768.3
705	291.2
706	196.1
707	518.9
708	657.2
709	899.4
710	319.3
711	709.8
712	475.2
713	461.9
714	326.0
715	420.7
716	498.8
717	301.2
718	213.5
719	368.7
720	649.8
721	660.4
722	284.8
723	475.5
724	109.5
725	371.9
726	1052.0
727	153.8
728	704.2
729	488.5
730	527.9
731	108.2
732	234.2
733	510.9
734	210.3
735	576.3
736	624.4
737	438.2
738	558.0
739	350.9
740	567.6
741	149.3
742	462.1
743	277.4
744	459.1
745	704.4
746	412.1
747	546.1
748	747.0
749	621.1
750	312.3
751	423.7
752	331.4
753	629.6
754	188.7
755	307.3
756	259.3
757	333.4
758	275.7
759	228.6
760	384.3
761	513.7
762	63.18
763	777.9
764	512.6
765	213.8
766	654.8
767	554.0
768	556.2
769	511.5
770	306.4
771	644.0
772	549.8
773	817.0
774	686.3
775	617.3
776	531.7
777	526.5
778	468.1
779	609.9
780	601.7
781	755.9
782	352.3
783	728.2
784	405.1
785	592.3
786	315.7
787	227.9
788	467.3
789	648.5
790	391.0
791	461.2
792	511.8
793	531.6
794	474.4
795	553.1
796	1030.0
797	365.7
798	343.3
799	593.3
800	351.2
801	894.7
802	288.2
803	418.2
804	580.2
805	71.11
806	645.7
807	656.4
808	146.5
809	340.7
810	511.5
811	287.9
812	429.5
813	593.2
814	556.5
815	536.4
816	462.2
817	466.0
818	653.8
819	283.2
820	70.5
821	-37.67
822	278.9
823	769.5
824	400.2
825	223.6
826	1086.0
827	308.3
828	526.7
829	421.8
830	363.4
831	406.1
832	398.3
833	517.3
834	288.8
835	484.5
836	688.3
837	539.4
838	514.5
839	582.2
840	334.8
841	179.7
842	405.0
843	450.8
844	255.9
845	292.3
846	146.8
847	597.9
848	459.1
849	340.2
850	680.4
851	271.6
852	493.9
853	359.4
854	415.6
855	363.8
856	617.7
857	286.7
858	761.2
859	641.5
860	663.6
861	356.5
862	484.1
863	256.6
864	482.2
865	369.9
866	511.7
867	234.7
868	708.6
869	431.5
870	310.6
871	358.2
872	421.9
873	385.9
874	599.0
875	544.1
876	470.0
877	130.7
878	792.1
879	433.4
880	687.5
881	48.5
882	464.1
883	407.3
884	561.8
885	531.8
886	555.6
887	471.9
888	201.5
889	615.5
890	592.8
891	661.5
892	391.1
893	532.4
894	598.7
895	640.9
896	307.5
897	852.5
898	107.0
899	701.7
900	453.9
901	511.5
902	374.9
903	488.3
904	483.8
905	458.2
906	848.4
907	368.2
908	996.5
909	661.2
910	837.3
911	788.2
912	284.5
913	298.9
914	583.9
915	688.4
916	653.9
917	480.4
918	355.5
919	384.0
920	382.3
921	682.3
922	542.5
923	423.7
924	487.5
925	272.3
926	139.5
927	147.0
928	513.2
929	62.74
930	656.1
931	317.9
932	368.6
933	624.8
934	752.3
935	611.7
936	590.0
937	442.7
938	390.2
939	375.5
940	332.9
941	451.3
942	381.6
943	218.0
944	791.9
945	186.5
946	-57.48
947	475.3
948	606.2
949	437.8
950	277.8
951	414.7
952	579.8
953	471.8
954	707.9
955	139.4
956	49.65
957	633.4
958	494.2
959	242.5
960	352.1
961	684.8
962	458.7
963	319.7
964	-35.85
965	76.65
966	135.0
967	567.5
968	570.9
969	540.5
970	449.9
971	444.2
972	728.0
973	302.0
974	654.2
975	112.7
976	488.5
977	445.2
978	524.0
979	358.3
980	328.7
981	376.1
982	424.9
983	698.3
984	412.2
985	157.0
986	326.6
987	274.7
988	242.6
989	561.3
990	795.8
991	193.5
992	360.0
993	866.9
994	520.9
995	373.9
996	458.9
997	120.9
998	564.2
999	346.9
1000	659.7
501	385.4
502	313.0
503	259.0
504	214.2
505	418.2
506	306.2
507	484.2
508	326.9
509	770.3
510	382.6
511	315.0
512	26.61
513	160.6
514	221.2
515	192.1
516	545.7
517	151.0
518	449.2
519	51.18
520	52.44
521	306.8
522	557.1
523	605.7
524	320.8
525	616.3
526	181.2
527	408.1
528	468.2
529	341.8
530	457.9
531	337.9
532	278.6
533	478.7
534	454.2
535	558.3
536	789.5
537	490.9
538	362.9
539	505.5
540	177.3
541	651.1
542	251.0
543	631.2
544	541.5
545	358.3
546	169.7
547	287.1
548	493.4
549	536.0
550	-17.57
551	457.4
552	317.2
553	253.5
554	517.6
555	451.5
556	210.2
557	289.7
558	403.1
559	-45.18
560	559.1
561	309.4
562	415.7
563	13.92
564	226.5
565	406.7
566	460.7
567	571.0
568	460.9
569	330.0
570	265.8
571	534.4
572	159.1
573	119.0
574	225.3
575	521.6
576	393.6
577	522.7
578	365.6
579	416.8
580	441.8
581	489.1
582	524.8
583	262.9
584	398.9
585	46.82
586	376.0
587	463.5
588	818.5
589	550.8
590	98.64
591	-124.4
592	530.0
593	176.8
594	348.2
595	258.6
596	604.9
597	195.5
598	289.9
599	310.6
600	212.5
601	494.0
602	294.8
603	614.5
604	65.36
605	631.5
606	259.3
607	513.5
608	64.31
609	393.2
610	223.1
611	298.9
612	305.8
613	635.9
614	316.3
615	129.4
616	230.1
617	270.8
618	440.0
619	460.3
620	259.1
621	511.8
622	4.736
623	239.9
624	424.3
625	499.5
626	653.8
627	706.5
628	589.8
629	601.8
630	15.84
631	377.0
632	452.5
633	323.3
634	359.6
635	157.8
636	79.06
637	388.9
638	640.8
639	323.1
640	500.4
641	110.1
642	-113.8
643	368.2
644	308.3
645	632.8
646	276.5
647	304.2
648	314.1
649	119.7
650	371.1
651	456.0
652	627.3
653	241.6
654	186.8
655	377.3
656	370.1
657	190.1
658	513.4
659	45.93
660	8.335
661	398.3
662	440.3
663	480.3
664	564.9
665	348.0
666	376.5
667	200.0
668	356.1
669	219.3
670	547.6
671	219.0
672	364.4
673	457.7
674	240.5
675	334.3
676	338.2
677	261.3
678	432.1
679	363.5
680	153.8
681	221.4
682	456.0
683	252.0
684	637.7
685	663.2
686	232.2
687	668.6
688	413.7
689	453.8
690	424.7
691	519.8
692	492.5
693	679.7
694	249.7
695	381.4
696	383.1
697	356.6
698	285.1
699	458.7
700	508.6
701	573.0
702	88.69
703	412.6
704	321.5
705	68.88
706	645.3
707	139.5
708	356.3
709	908.7
710	-17.1
711	363.6
712	121.0
713	695.8
714	450.6
715	614.0
716	498.2
717	425.7
718	422.5
719	470.1
720	376.0
721	135.0
722	461.4
723	168.1
724	-38.65
725	361.3
726	370.7
727	149.6
728	592.5
729	509.6
730	428.8
731	521.7
732	275.0
733	397.8
734	239.5
735	769.6
736	438.5
737	427.1
738	580.7
739	531.2
740	416.6
741	3.855
742	382.9
743	325.4
744	410.7
745	378.1
746	274.1
747	148.2
748	191.9
749	229.4
750	672.3
751	144.4
752	470.2
753	502.9
754	223.5
755	556.2
756	689.0
757	218.2
758	285.1
759	323.5
760	614.8
761	537.2
762	547.5
763	165.4
764	155.6
765	282.6
766	457.3
767	660.5
768	423.5
769	144.8
770	577.5
771	508.8
772	576.7
773	425.7
774	218.9
775	183.9
776	530.6
777	174.6
778	409.1
779	373.7
780	272.8
781	221.2
782	465.7
783	661.2
784	281.0
785	519.4
786	358.3
787	661.1
788	339.9
789	328.4
790	250.8
791	554.4
792	466.0
793	276.0
794	474.7
795	377.1
796	427.7
797	-30.41
798	244.9
799	402.5
800	329.1
801	606.7
802	605.1
803	412.5
804	181.3
805	591.8
806	451.4
807	254.8
808	224.6
809	571.5
810	184.8
811	372.8
812	364.1
813	99.1
814	181.0
815	235.6
816	428.8
817	339.0
818	415.9
819	174.7
820	434.8
821	588.1
822	317.8
823	404.2
824	311.5
825	115.3
826	608.3
827	661.4
828	400.7
829	568.8
830	672.5
831	535.4
832	633.7
833	592.0
834	591.0
835	321.4
836	-15.07
837	147.9
838	265.5
839	574.0
840	319.9
841	372.6
842	609.6
843	152.2
844	-0.5988
845	287.6
846	457.6
847	381.8
848	609.5
849	571.4
850	559.5
851	329.9
852	455.7
853	153.5
854	492.5
855	595.4
856	156.4
857	63.93
858	-8.383
859	404.3
860	486.6
861	438.1
862	626.5
863	258.7
864	448.9
865	60.15
866	229.5
867	409.6
868	368.8
869	389.8
870	462.2
871	375.1
872	464.8
873	393.6
874	419.0
875	275.3
876	408.1
877	484.7
878	150.9
879	365.2
880	270.5
881	31.47
882	288.3
883	166.4
884	507.3
885	429.5
886	116.5
887	229.2
888	182.7
889	-30.81
890	248.8
891	809.6
892	375.8
893	497.9
894	670.7
895	282.8
896	539.1
897	310.4
898	533.9
899	686.6
900	108.9
901	140.0
902	795.9
903	397.4
904	451.1
905	605.9
906	264.7
907	535.2
908	458.9
909	683.5
910	383.6
911	219.0
912	324.3
913	428.2
914	338.8
915	419.3
916	339.5
917	304.5
918	269.9
919	337.2
920	432.7
921	342.8
922	438.9
923	361.5
924	-45.86
925	723.7
926	152.4
927	326.9
928	331.1
929	354.0
930	508.0
931	461.4
932	509.6
933	318.9
934	233.8
935	473.7
936	499.5
937	215.0
938	706.6
939	600.2
940	517.8
941	476.4
942	449.5
943	302.0
944	427.0
945	234.3
946	495.1
947	531.6
948	313.4
949	730.8
950	566.2
951	415.2
952	475.6
953	410.3
954	52.39
955	598.8
956	433.9
957	195.2
958	269.3
959	369.3
960	187.5
961	168.4
962	334.3
963	402.1
964	166.4
965	268.4
966	-40.22
967	217.3
968	269.6
969	306.2
970	533.1
971	375.0
972	357.2
973	186.9
974	496.5
975	274.7
976	475.6
977	87.52
978	416.5
979	308.4
980	257.6
981	354.0
982	374.2
983	525.5
984	116.0
985	296.6
986	465.6
987	269.7
988	274.7
989	780.6
990	415.3
991	344.3
992	326.2
993	75.1
994	399.1
995	7.598
996	418.2
997	608.0
998	476.3
999	556.9
1000	339.3
501	544.6
502	86.9
503	470.0
504	120.0
505	166.8
506	433.9
507	528.7
508	212.0
509	197.7
510	233.0
511	511.5
512	310.1
513	499.2
514	55.68
515	96.67
516	484.0
517	396.9
518	459.5
519	278.0
520	323.7
521	291.0
522	314.5
523	323.8
524	539.0
525	205.1
526	383.5
527	381.7
528	111.4
529	346.1
530	411.4
531	-22.02
532	423.3
533	157.1
534	647.0
535	156.3
536	232.5
537	16.32
538	325.6
539	443.7
540	696.2
541	437.7
542	361.5
543	754.6
544	168.0
545	243.0
546	656.9
547	385.2
548	655.0
549	152.5
550	936.0
551	121.7
552	318.5
553	475.3
554	92.49
555	529.3
556	538.3
557	392.7
558	344.6
559	149.7
560	338.0
561	202.2
562	557.4
563	177.4
564	91.61
565	542.3
566	795.4
567	-26.04
568	103.6
569	213.6
570	203.8
571	118.2
572	453.0
573	30.45
574	318.3
575	293.9
576	514.9
577	336.8
578	230.5
579	585.6
580	995.7
581	203.0
582	454.8
583	406.4
584	631.6
585	206.1
586	79.74
587	1007.0
588	269.2
589	674.6
590	227.6
591	408.8
592	570.5
593	457.1
594	339.6
595	478.9
596	661.5
597	547.7
598	141.6
599	62.27
600	345.5
601	204.7
602	697.1
603	183.6
604	-15.24
605	310.8
606	339.5
607	548.2
608	144.1
609	534.1
610	390.7
611	208.5
612	588.5
613	224.7
614	235.0
615	549.6
616	474.2
617	131.2
618	105.7
619	514.1
620	-143.0
621	519.9
622	170.0
623	515.6
624	110.3
625	134.1
626	286.8
627	776.2
628	93.92
629	424.5
630	500.7
631	1061.0
632	470.1
633	296.6
634	10.78
635	482.6
636	292.7
637	433.4
638	431.2
639	102.4
640	-110.5
641	456.0
642	190.9
643	705.7
644	149.4
645	163.3
646	440.8
647	379.7
648	363.8
649	290.3
650	582.2
651	209.8
652	353.7
653	85.94
654	540.3
655	155.9
656	160.7
657	291.8
658	577.9
659	274.0
660	482.1
661	100.7
662	552.9
663	633.7
664	503.6
665	423.9
666	491.9
667	130.2
668	339.2
669	174.3
670	477.0
671	603.6
672	804.7
673	171.2
674	516.2
675	388.3
676	553.3
677	231.1
678	-274.4
679	190.5
680	531.8
681	355.6
682	-10.26
683	389.6
684	292.4
685	415.4
686	494.0
687	30.33
688	494.3
689	333.0
690	482.8
691	125.6
692	66.77
693	400.0
694	210.2
695	502.6
696	768.8
697	214.1
698	84.15
699	136.4
700	679.2
701	763.3
702	314.6
703	484.7
704	450.3
705	524.9
706	526.8
707	666.5
708	263.4
709	417.8
710	118.2
711	196.5
712	-100.3
713	449.5
714	135.5
715	393.5
716	316.5
717	227.1
718	105.7
719	258.6
720	308.6
721	254.6
722	260.8
723	550.2
724	354.1
725	597.6
726	547.3
727	-193.5
728	617.5
729	522.1
730	421.4
731	409.9
732	462.8
733	540.1
734	290.8
735	341.3
736	327.8
737	368.4
738	535.0
739	252.0
740	232.8
741	56.57
742	603.4
743	623.4
744	278.2
745	251.7
746	240.2
747	32.79
748	610.3
749	250.6
750	211.8
751	267.1
752	258.8
753	287.9
754	-8.325
755	163.9
756	-1.827
757	598.8
758	493.2
759	541.0
760	493.9
761	129.9
762	329.6
763	142.5
764	374.7
765	640.8
766	250.2
767	450.5
768	224.7
769	581.0
770	414.0
771	147.4
772	562.1
773	451.2
774	578.5
775	317.4
776	694.7
777	336.0
778	430.7
779	443.9
780	238.3
781	208.9
782	545.0
783	174.3
784	264.8
785	146.5
786	385.4
787	-120.9
788	278.7
789	432.4
790	331.2
791	424.8
792	3.652
793	120.9
794	386.9
795	465.6
796	276.7
797	461.3
798	214.5
799	663.0
800	-115.3
801	369.2
802	595.1
803	67.93
804	509.2
805	556.2
806	162.2
807	138.4
808	715.6
809	493.6
810	54.21
811	732.1
812	419.9
813	316.6
814	330.5
815	391.4
816	513.2
817	476.0
818	135.1
819	63.48
820	452.8
821	156.0
822	271.8
823	805.5
824	616.8
825	265.1
826	372.6
827	8.233
828	-8.565
829	324.5
830	-104.9
831	187.3
832	38.52
833	187.6
834	178.4
835	682.1
836	456.9
837	483.6
838	57.1
839	389.3
840	331.7
841	389.2
842	234.8
843	166.9
844	228.3
845	495.6
846	445.1
847	538.0
848	441.1
849	262.0
850	520.1
851	250.2
852	662.5
853	397.2
854	377.4
855	246.0
856	56.81
857	166.2
858	540.4
859	272.6
860	711.9
861	269.6
862	69.05
863	394.1
864	192.5
865	-33.14
866	210.3
867	616.4
868	561.9
869	356.8
870	34.62
871	477.8
872	307.8
873	321.8
874	240.6
875	468.7
876	484.3
877	330.3
878	378.3
879	270.6
880	100.1
881	560.2
882	248.9
883	127.7
884	506.5
885	658.1
886	376.9
887	571.8
888	446.4
889	157.5
890	210.0
891	87.03
892	-106.5
893	598.0
894	554.6
895	300.0
896	457.1
897	488.3
898	325.4
899	430.6
900	344.4
901	118.4
902	212.8
903	475.3
904	126.5
905	427.3
906	378.5
907	188.8
908	334.6
909	181.4
910	658.1
911	248.9
912	6.869
913	243.5
914	84.94
915	95.81
916	557.5
917	444.3
918	65.94
919	75.91
920	48.21
921	556.9
922	399.2
923	244.1
924	562.2
925	-85.64
926	490.0
927	417.6
928	285.1
929	403.0
930	392.7
931	517.6
932	361.2
933	450.1
934	214.1
935	477.5
936	220.8
937	350.8
938	431.4
939	356.5
940	561.1
941	393.5
942	197.8
943	377.5
944	673.1
945	232.0
946	431.2
947	593.6
948	423.3
949	669.2
950	457.6
951	236.0
952	498.8
953	317.9
954	589.1
955	287.3
956	284.8
957	407.8
958	-44.09
959	-295.7
960	874.2
961	218.6
962	615.4
963	423.0
964	426.9
965	446.8
966	142.6
967	114.8
968	348.3
969	27.07
970	392.0
971	351.8
972	170.8
973	-21.07
974	-77.69
975	116.8
976	522.1
977	769.3
978	-50.11
979	447.6
980	259.5
981	347.9
982	204.7
983	465.4
984	678.5
985	481.6
986	428.5
987	294.2
988	563.4
989	197.7
990	633.6
991	575.0
992	59.69
993	37.49
994	283.0
995	299.4
996	209.8
997	302.3
998	386.7
999	322.6
1000	413.7
501	612.9
502	529.5
503	254.7
504	-216.8
505	155.6
506	150.8
507	245.3
508	534.8
509	400.3
510	-124.7
511	242.9
512	132.5
513	340.4
514	527.5
515	322.1
516	63.39
517	401.9
518	541.0
519	198.7
520	45.45
521	595.5
522	434.8
523	431.1
524	346.5
525	454.4
526	243.8
527	184.2
528	493.8
529	336.2
530	430.1
531	216.6
532	499.1
533	597.2
534	253.2
535	483.5
536	205.8
537	589.1
538	72.4
539	481.8
540	471.1
541	13.36
542	303.8
543	174.1
544	391.3
545	190.9
546	463.7
547	145.1
548	777.9
549	83.0
550	168.0
551	197.6
552	133.5
553	-6.52
554	62.96
555	57.86
556	92.45
557	-2.642
558	128.4
559	171.6
560	646.8
561	322.6
562	324.4
563	-20.76
564	477.9
565	649.9
566	-10.63
567	504.6
568	284.5
569	451.2
570	396.8
571	-4.781
572	657.2
573	4.976
574	498.7
575	580.3
576	388.9
577	256.1
578	106.5
579	461.4
580	366.6
581	-19.11
582	331.5
583	400.6
584	405.0
585	383.0
586	227.1
587	302.0
588	303.5
589	4.117
590	-93.56
591	-123.2
592	328.9
593	-257.3
594	465.5
595	539.7
596	58.53
597	72.66
598	348.5
599	298.7
600	324.9
601	95.45
602	571.2
603	325.2
604	327.6
605	273.2
606	70.3
607	463.5
608	533.4
609	594.5
610	310.4
611	269.2
612	83.04
613	135.4
614	186.0
615	303.1
616	285.1
617	620.8
618	769.2
619	-50.68
620	-265.5
621	429.8
622	235.0
623	364.2
624	432.8
625	98.18
626	299.2
627	529.2
628	134.4
629	-7.564
630	813.3
631	378.0
632	337.7
633	464.8
634	219.6
635	394.4
636	105.7
637	125.2
638	376.7
639	-1.64
640	729.7
641	303.4
642	647.5
643	519.0
644	238.7
645	361.6
646	125.2
647	360.4
648	-17.77
649	-46.23
650	-82.42
651	147.0
652	187.2
653	107.0
654	586.2
655	95.81
656	129.4
657	601.9
658	313.2
659	310.1
660	36.29
661	616.7
662	90.04
663	397.8
664	-254.5
665	190.5
666	91.81
667	403.1
668	337.6
669	296.1
670	265.9
671	407.1
672	320.8
673	318.7
674	121.2
675	19.68
676	201.4
677	284.1
678	177.7
679	361.6
680	144.6
681	499.4
682	318.7
683	327.1
684	-22.4
685	448.2
686	317.6
687	445.0
688	270.0
689	103.8
690	69.51
691	167.7
692	70.11
693	52.21
694	183.5
695	210.2
696	391.3
697	303.1
698	617.9
699	168.9
700	292.0
701	785.2
702	796.0
703	98.89
704	396.0
705	752.7
706	165.1
707	457.7
708	518.4
709	352.7
710	719.8
711	468.7
712	463.6
713	35.6
714	320.1
715	90.13
716	331.2
717	313.9
718	309.6
719	300.5
720	344.1
721	162.4
722	681.9
723	326.4
724	178.7
725	425.2
726	184.2
727	227.8
728	845.6
729	587.9
730	316.3
731	257.9
732	608.6
733	205.5
734	270.5
735	417.0
736	241.9
737	476.4
738	470.1
739	229.4
740	-2.809
741	258.0
742	372.3
743	368.2
744	44.73
745	-127.1
746	589.0
747	568.3
748	-93.54
749	635.5
750	147.9
751	526.2
752	208.0
753	212.0
754	358.4
755	521.7
756	150.5
757	521.6
758	210.6
759	498.8
760	253.3
761	175.7
762	660.6
763	394.4
764	-384.8
765	140.8
766	-10.01
767	277.3
768	101.3
769	104.8
770	307.0
771	509.2
772	69.85
773	30.36
774	306.8
775	936.6
776	0.9548
777	8.774
778	144.8
779	581.4
780	568.9
781	-1.059
782	520.6
783	516.3
784	-31.79
785	-60.36
786	182.6
787	-270.2
788	390.1
789	476.4
790	337.6
791	535.1
792	205.2
793	22.52
794	204.3
795	263.8
796	382.3
797	146.1
798	170.2
799	202.4
800	796.7
801	455.0
802	401.7
803	465.6
804	184.0
805	207.5
806	211.6
807	71.19
808	692.9
809	217.9
810	261.0
811	140.9
812	252.1
813	305.6
814	131.4
815	160.4
816	364.4
817	413.2
818	84.72
819	202.4
820	144.0
821	394.4
822	-92.21
823	112.7
824	209.5
825	76.67
826	288.5
827	357.6
828	463.5
829	518.4
830	304.7
831	-9.178
832	107.2
833	676.9
834	236.2
835	443.5
836	201.1
837	335.9
838	84.9
839	361.9
840	-172.0
841	171.3
842	612.6
843	-25.97
844	6.408
845	444.0
846	-58.4
847	760.5
848	249.8
849	205.7
850	316.0
851	485.4
852	368.0
853	359.1
854	478.6
855	252.9
856	388.8
857	380.4
858	11.68
859	598.0
860	712.8
861	155.4
862	842.3
863	89.25
864	643.7
865	364.6
866	310.3
867	141.8
868	405.0
869	-373.3
870	419.2
871	47.72
872	268.6
873	495.1
874	155.5
875	62.73
876	320.6
877	363.0
878	449.4
879	307.1
880	175.1
881	282.7
882	178.3
883	488.0
884	155.8
885	233.5
886	354.9
887	586.6
888	-25.39
889	247.9
890	332.3
891	352.0
892	600.4
893	57.36
894	683.6
895	-58.45
896	164.0
897	194.5
898	485.7
899	226.5
900	363.4
901	744.1
902	113.0
903	-27.3
904	397.4
905	267.1
906	183.0
907	596.8
908	171.1
909	233.5
910	3.827
911	184.9
912	603.7
913	64.9
914	708.9
915	79.17
916	110.8
917	301.4
918	90.8
919	118.0
920	320.1
921	165.2
922	203.1
923	105.2
924	74.3
925	345.0
926	200.6
927	367.0
928	285.1
929	635.8
930	565.0
931	383.6
932	233.7
933	344.1
934	332.0
935	417.3
936	440.3
937	41.81
938	368.4
939	-57.82
940	71.39
941	90.09
942	-79.38
943	517.3
944	88.99
945	248.1
946	107.8
947	523.8
948	244.5
949	318.4
950	214.5
951	215.3
952	212.4
953	417.1
954	416.7
955	102.7
956	436.9
957	462.2
958	378.3
959	275.0
960	502.2
961	569.2
962	249.5
963	369.6
964	-18.37
965	54.13
966	321.4
967	135.4
968	-91.71
969	238.7
970	209.7
971	200.3
972	447.3
973	680.9
974	236.7
975	330.3
976	383.8
977	550.2
978	498.9
979	147.3
980	349.0
981	570.0
982	316.8
983	89.33
984	-142.0
985	275.9
986	-151.4
987	520.4
988	871.3
989	191.6
990	270.2
991	209.2
992	262.0
993	438.7
994	199.6
995	869.0
996	50.62
997	391.5
998	460.0
999	68.96
1000	524.2
501	560.2
502	570.8
503	197.6
504	103.8
505	160.1
506	312.8
507	402.9
508	420.9
509	202.5
510	243.9
511	-2.904
512	578.2
513	729.4
514	137.4
515	365.2
516	458.0
517	344.8
518	382.7
519	475.4
520	310.2
521	569.7
522	751.8
523	395.0
524	381.1
525	198.9
526	249.4
527	224.9
528	684.3
529	-43.75
530	274.6
531	531.6
532	-2.727
533	-83.74
534	243.6
535	451.4
536	432.5
537	393.2
538	-148.8
539	297.4
540	526.4
541	404.8
542	584.0
543	346.3
544	49.59
545	442.2
546	330.5
547	256.9
548	636.5
549	756.0
550	534.5
551	288.2
552	486.5
553	345.7
554	-53.84
555	25.11
556	341.9
557	85.45
558	298.8
559	262.5
560	299.3
561	527.0
562	493.8
563	161.2
564	581.1
565	427.9
566	81.55
567	320.5
568	571.1
569	202.1
570	43.03
571	283.7
572	82.23
573	760.6
574	25.07
575	617.3
576	307.2
577	533.4
578	568.7
579	183.4
580	395.2
581	103.2
582	-95.94
583	35.76
584	306.7
585	647.8
586	697.0
587	540.4
588	-156.9
589	241.9
590	-121.0
591	248.9
592	232.9
593	301.6
594	260.2
595	506.2
596	453.1
597	706.7
598	373.7
599	616.8
600	353.4
601	270.0
602	192.8
603	495.2
604	-114.3
605	17.98
606	42.58
607	-38.72
608	30.44
609	77.5
610	675.7
611	317.6
612	394.1
613	442.5
614	470.9
615	209.0
616	371.8
617	202.1
618	343.7
619	699.3
620	525.6
621	219.6
622	311.4
623	425.4
624	-31.62
625	164.3
626	534.1
627	456.5
628	-120.9
629	167.4
630	334.9
631	20.21
632	176.6
633	662.2
634	206.9
635	117.1
636	361.1
637	181.2
638	215.5
639	605.6
640	379.1
641	448.7
642	503.6
643	243.6
644	-97.84
645	115.0
646	184.3
647	205.3
648	141.5
649	287.9
650	630.7
651	226.3
652	-150.0
653	541.7
654	-6.776
655	100.3
656	288.0
657	631.9
658	353.4
659	371.3
660	-219.8
661	-71.31
662	443.7
663	538.7
664	488.5
665	574.9
666	442.3
667	388.8
668	139.0
669	86.11
670	231.7
671	73.19
672	16.44
673	-43.65
674	153.3
675	132.5
676	262.1
677	26.76
678	-30.79
679	610.1
680	-58.82
681	559.3
682	255.9
683	214.6
684	272.6
685	309.9
686	163.6
687	725.8
688	489.7
689	523.7
690	16.42
691	478.0
692	315.3
693	418.0
694	-341.1
695	239.7
696	258.6
697	-32.65
698	230.2
699	178.4
700	460.1
701	480.6
702	93.61
703	280.9
704	153.4
705	444.8
706	493.0
707	552.1
708	661.0
709	212.9
710	802.9
711	-40.28
712	261.9
713	18.14
714	153.5
715	90.46
716	122.2
717	213.6
718	289.7
719	-59.24
720	307.8
721	628.2
722	332.2
723	346.9
724	562.6
725	202.7
726	336.7
727	351.0
728	-116.0
729	185.2
730	12.67
731	41.18
732	712.0
733	171.8
734	296.5
735	193.7
736	578.8
737	446.5
738	215.2
739	689.9
740	141.4
741	612.3
742	497.1
743	427.8
744	218.0
745	128.1
746	161.3
747	260.4
748	390.7
749	169.1
750	434.0
751	305.9
752	453.3
753	160.1
754	230.7
755	473.1
756	15.86
757	149.9
758	5.584
759	401.3
760	277.3
761	396.8
762	92.77
763	355.0
764	259.8
765	625.8
766	820.9
767	105.3
768	532.9
769	227.9
770	222.7
771	-51.97
772	740.0
773	446.8
774	348.8
775	405.5
776	322.3
777	635.2
778	543.3
779	478.0
780	316.0
781	312.7
782	18.67
783	-106.3
784	-390.9
785	781.7
786	260.9
787	90.08
788	99.24
789	300.0
790	-202.6
791	612.8
792	424.4
793	646.7
794	211.5
795	735.4
796	227.6
797	334.4
798	-31.25
799	209.9
800	285.3
801	534.6
802	589.5
803	145.1
804	288.4
805	436.5
806	379.8
807	517.8
808	43.84
809	301.1
810	369.2
811	92.52
812	229.0
813	512.1
814	589.1
815	110.4
816	584.6
817	363.0
818	-26.17
819	-22.63
820	593.8
821	243.9
822	102.8
823	-347.5
824	288.9
825	428.3
826	-47.57
827	167.1
828	104.2
829	222.2
830	162.9
831	354.6
832	53.26
833	210.5
834	234.0
835	95.51
836	326.5
837	-59.3
838	670.4
839	593.7
840	360.0
841	689.0
842	201.4
843	188.2
844	563.6
845	479.2
846	543.2
847	271.8
848	250.6
849	443.0
850	148.4
851	466.3
852	316.7
853	296.0
854	262.7
855	792.1
856	230.7
857	630.7
858	513.0
859	160.1
860	-7.352
861	299.3
862	535.5
863	558.0
864	648.9
865	147.4
866	165.4
867	526.9
868	13.79
869	-46.15
870	86.69
871	644.3
872	532.9
873	334.7
874	295.0
875	543.1
876	82.53
877	293.7
878	392.5
879	201.9
880	494.1
881	396.2
882	60.76
883	463.1
884	166.1
885	789.4
886	247.9
887	275.5
888	505.1
889	405.5
890	78.7
891	724.7
892	459.1
893	523.2
894	88.62
895	602.7
896	354.3
897	-69.46
898	96.48
899	125.3
900	517.5
901	186.5
902	-163.9
903	-89.31
904	578.8
905	388.3
906	609.6
907	76.93
908	59.96
909	807.6
910	422.7
911	409.5
912	431.7
913	190.6
914	650.1
915	135.7
916	234.8
917	71.48
918	664.6
919	-72.17
920	335.8
921	867.9
922	658.2
923	145.5
924	271.3
925	-36.03
926	634.3
927	403.2
928	149.2
929	294.1
930	279.9
931	335.5
932	469.6
933	388.9
934	664.4
935	690.9
936	499.9
937	526.7
938	319.4
939	251.9
940	435.5
941	106.0
942	487.5
943	179.1
944	53.89
945	315.3
946	573.7
947	303.1
948	144.4
949	409.1
950	131.1
951	-141.9
952	292.2
953	-80.33
954	529.1
955	-80.61
956	386.7
957	545.4
958	221.7
959	433.7
960	-100.8
961	604.0
962	324.2
963	255.0
964	269.2
965	256.7
966	194.5
967	160.6
968	345.7
969	465.5
970	261.0
971	332.7
972	620.8
973	51.98
974	193.1
975	532.1
976	206.5
977	441.0
978	174.3
979	294.4
980	330.5
981	401.8
982	284.8
983	283.3
984	249.4
985	342.5
986	279.9
987	506.9
988	185.5
989	425.1
990	651.0
991	625.6
992	39.96
993	614.1
994	480.7
995	310.7
996	391.0
997	409.9
998	458.6
999	490.6
1000	353.2
